892647
606494
423555
343320
131020
172288
62319
168979
51693
22009
13426
8181
19335
64450
87722
19629
563728
776807
1552354
972179
445844
288243
234886
227797
106388
128601
52184
51198
58812
55776
67888
356968
773128
233963
1322644
967693
1139791
777538
459934
393809
200853
230807
120754
104737
56805
44378
102448
84272
277946
137789
129991
150247
727166
914289
1678499
923319
426190
254445
235220
223698
91651
83201
47946
20523
35113
41595
69487
55286
163460
141665
1094072
1021160
968781
789173
459890
392871
199949
219341
104158
100337
57607
30802
32022
40087
51206
68034
205781
177078
854198
939925
SOP of INN on test :30675472

ANN ReLU FLOPs sum: 27787264.0
ANN energy: 27787264.0 * 5.1 = 141715046.39999998

SOP of INN on test :30675472

ANN energy / INN energy = 4.619816327520566